3.51253
3.53266
25.8684
3.51443
3.51633
3.51437
3.51892
3.51328
3.51575
43.4204
3.51433
3.51298
3.51334
3.51736
3.5139
3.91292
8.65277
3.51431
3.52149
3.51508
3.52122
4.69466
7.51404
3.51729
3.51182
6.12546
4.03623
3.51269
3.5164
8.38064
10.2323
3.51367
3.5147
3.51512
43.1007
3.51548
3.51292
3.51249
3.51976
5.41979
3.51593
38.0175
9.82732
3.51702
3.51174
3.51689
4.79834
9.14922
3.51199
3.51266
3.51186
3.51799
3.5147
3.51154
3.51709
3.51432
4.2055
3.51778
3.51224
21.7514
5.96834
3.51338
3.51412
3.51543
3.51832
3.51288
3.51613
3.51305
11.674
3.51601
3.51338
3.51761
3.52228
3.51663
11.3419
3.51562
3.51425
3.51887
7.71495
3.51263
